AR = 3.0:
mcl = 1.7683933
AR = 4.5:
mcl = 1.8587425
AR = 6.0:
mcl = 1.8684693
AR = 3.0:
mcd = 1.9559486
AR = 4.5:
mcd = 1.9892299
AR = 6.0:
mcd = 1.980098
