Re = 100:
mcl = 1.4728531
Re = 1000:
mcl = 1.7683933
Re = 100:
mcd = 2.0586679
Re = 1000:
mcd = 1.9559486
